GRID    10100003        64.355  0.      0.174836
GRID    10100004        63.41   0.      0.367357
GRID    10100005        62.33   0.      0.57604 
GRID    10100006        61.25   0.      0.750781
GRID    10100007        60.17   0.      0.868829
GRID    10100008        59.09   0.      0.904524
GRID    10100009        58.01   0.      0.859358
GRID    10100010        56.93   0.      0.74221 
GRID    10100011        55.85   0.      0.533435
GRID    10100091        71.87   78.2    6.98383 
GRID    10100092        73.01   78.2    6.92445 
GRID    10100170        71.913  69.2638 6.17515 
GRID    10100171        72.0768 68.7064 6.08107 
GRID    10100172        70.809  73.0209 6.55911 
GRID    10100173        71.1188 71.9668 6.525   
GRID    10100174        71.4774 70.7465 6.40392 
GRID    10100175        72.0362 70.2669 6.25926 
GRID    10100176        72.1581 71.2601 6.34254 
GRID    10100177        72.28   72.253  6.42579 
GRID    10100178        72.4018 73.2456 6.50902 
GRID    10100179        72.523  74.2327 6.59179 
GRID    10100180        72.6447 75.2244 6.67494 
GRID    10100181        72.7664 76.2155 6.75804 
GRID    10100182        72.888  77.2057 6.84107 
GRID    10100183        70.8006 60.2023 5.41536 
GRID    10100184        70.9253 61.218  5.50052 
GRID    10100185        71.0489 62.2252 5.58497 
GRID    10100186        71.1726 63.2324 5.66942 
GRID    10100187        71.2962 64.2395 5.75387 
GRID    10100188        71.4198 65.2465 5.8383  
GRID    10100189        71.5434 66.2534 5.92273 
GRID    10100190        71.667  67.2602 6.00716 
GRID    10100191        71.7906 68.2669 6.09157 
GRID    10100192        71.053  74.2117 6.65688 
GRID    10100193        71.2572 75.2088 6.7387  
GRID    10100194        71.4623 76.2097 6.82079 
GRID    10100195        71.6657 77.2029 6.90218 
GRID    10100196        68.8384 63.416  5.76832 
GRID    10100197        69.1034 64.695  5.87425 
GRID    10100198        69.3216 65.7599 5.96194 
GRID    10100199        69.5397 66.8249 6.0496  
GRID    10100200        69.7579 67.8898 6.13725 
GRID    10100201        69.9766 68.9574 6.22508 
GRID    10100202        70.1944 70.0205 6.31252 
GRID    10100203        70.4124 71.0847 6.40001 
GRID    10100204        70.6305 72.1497 6.48754 
GRID    10100205        69.2792 62.6942 5.78681 
GRID    10100206        69.762  61.9035 5.73641 
GRID    10100207        70.2448 61.1127 5.61212 
GRID    10100208        69.7942 52.0047 4.72799 
GRID    10100209        69.9209 53.0364 4.81449 
GRID    10100210        70.0467 54.0614 4.90044 
GRID    10100211        70.1725 55.0864 4.98638 
GRID    10100212        70.2984 56.1113 5.07232 
GRID    10100213        70.4242 57.1362 5.15826 
GRID    10100214        70.55   58.1611 5.2442  
GRID    10100215        70.6758 59.1859 5.33013 
GRID    10100216        67.0605 54.5694 5.04632 
GRID    10100217        67.2727 55.7584 5.13778 
GRID    10100218        67.4737 56.7398 5.2187  
GRID    10100219        67.6757 57.7259 5.3     
GRID    10100220        67.8776 58.7114 5.38124 
GRID    10100221        68.0793 59.6961 5.46241 
GRID    10100222        68.2809 60.6799 5.54349 
GRID    10100223        68.4822 61.6627 5.62448 
GRID    10100224        68.6833 62.6444 5.70535 
GRID    10100225        67.6816 53.9869 5.09996 
GRID    10100226        68.366  53.3449 5.0673  
GRID    10100227        69.0503 52.7028 4.93681 
GRID    10100228        68.8788 44.548  4.10274 
GRID    10100229        69.0103 45.6188 4.19253 
GRID    10100230        69.1411 46.6843 4.28186 
GRID    10100231        69.2719 47.7497 4.3712  
GRID    10100232        69.4027 48.8152 4.46054 
GRID    10100233        69.5335 49.8806 4.54988 
GRID    10100234        69.6642 50.946  4.63921 
GRID    10100235        65.3804 46.5217 4.37577 
GRID    10100236        65.6172 47.6776 4.47116 
GRID    10100237        65.825  48.6919 4.55486 
GRID    10100238        66.0327 49.7059 4.63853 
GRID    10100239        66.2404 50.7197 4.72217 
GRID    10100240        66.448  51.7331 4.80577 
GRID    10100241        66.6556 52.7462 4.88934 
GRID    10100242        66.863  53.7589 4.97287 
GRID    10100243        66.2221 46.0468 4.47334 
GRID    10100244        67.0842 45.5605 4.45915 
GRID    10100245        67.9635 45.0645 4.32376 
GRID    10100246        68.0446 37.7522 3.5329  
GRID    10100247        68.1643 38.7275 3.61469 
GRID    10100248        68.2834 39.6985 3.69612 
GRID    10100249        68.4023 40.6695 3.7776  
GRID    10100250        68.5219 41.6405 3.85894 
GRID    10100251        68.6411 42.6114 3.94036 
GRID    10100252        68.7603 43.5824 4.02177 
GRID    10100253        63.8673 39.1394 3.76624 
GRID    10100254        64.1086 40.3127 3.86331 
GRID    10100255        64.3253 41.3715 3.95068 
GRID    10100256        64.5422 42.4301 4.03807 
GRID    10100257        64.7591 43.4886 4.12544 
GRID    10100258        64.9759 44.547  4.2128  
GRID    10100259        65.1926 45.6051 4.30013 
GRID    10100260        64.8889 38.8002 3.9013  
GRID    10100261        65.924  38.4565 3.90377 
GRID    10100262        66.9716 38.1087 3.76578 
GRID    10100263        67.2836 31.5534 3.01314 
GRID    10100264        67.4109 32.5903 3.10008 
GRID    10100265        67.5377 33.6236 3.18671 
GRID    10100266        67.6646 34.6568 3.27335 
GRID    10100267        67.7914 35.6901 3.35999 
GRID    10100268        67.9182 36.7233 3.44663 
GRID    10100269        62.4857 32.3915 3.20924 
GRID    10100270        62.7031 33.4528 3.29689 
GRID    10100271        62.9012 34.4198 3.37674 
GRID    10100272        63.0993 35.3868 3.45658 
GRID    10100273        63.2974 36.3537 3.53641 
GRID    10100274        63.4954 37.3205 3.61624 
GRID    10100275        63.6935 38.2872 3.69606 
GRID    10100276        67.9018 31.4455 2.8754  
GRID    10100277        63.6711 32.1846 3.37899 
GRID    10100278        64.8649 31.9761 3.39716 
GRID    10100279        66.0667 31.7661 3.2571  
GRID    10100280        66.5892 25.8968 2.53882 
GRID    10100281        66.7053 26.8427 2.61813 
GRID    10100282        66.821  27.7856 2.69719 
GRID    10100283        66.9368 28.7284 2.77625 
GRID    10100284        67.0525 29.6713 2.85531 
GRID    10100285        67.1683 30.6142 2.93438 
GRID    10100286        61.2225 26.2253 2.7     
GRID    10100287        61.4497 27.3345 2.79161 
GRID    10100288        61.6608 28.3649 2.87671 
GRID    10100289        61.8719 29.3952 2.9618  
GRID    10100290        62.0829 30.4254 3.04689 
GRID    10100291        62.294  31.4556 3.13196 
GRID    10100292        67.2755 25.8547 2.3944  
GRID    10100293        62.5539 26.1441 2.90159 
GRID    10100294        63.8933 26.062  2.93499 
GRID    10100295        65.2359 25.9796 2.79379 
GRID    10100296        65.9553 20.7334 2.10587 
GRID    10100297        66.0824 21.7688 2.19268 
GRID    10100298        66.2092 22.8015 2.27928 
GRID    10100299        66.3359 23.8343 2.36588 
GRID    10100300        66.4627 24.867  2.45248 
GRID    10100301        60.0683 20.5916 2.23466 
GRID    10100302        60.2748 21.5994 2.3179  
GRID    10100303        60.4676 22.5404 2.39563 
GRID    10100304        60.6603 23.4814 2.47336 
GRID    10100305        60.8531 24.4223 2.55108 
GRID    10100306        61.0459 25.3633 2.6288  
GRID    10100307        66.7037 20.7515 1.95536 
GRID    10100308        61.2499 20.6203 2.43675 
GRID    10100309        62.4284 20.6486 2.51583 
GRID    10100310        63.606  20.6769 2.47658 
GRID    10100311        64.7827 20.7052 2.32297 
GRID    10100312        65.3766 16.0196 1.71062 
GRID    10100313        65.4926 16.9647 1.78986 
GRID    10100314        65.6084 17.9075 1.86891 
GRID    10100315        65.7241 18.8503 1.94797 
GRID    10100316        65.8399 19.7932 2.02703 
GRID    10100317        59.014  15.4448 1.8095  
GRID    10100318        59.237  16.5333 1.89941 
GRID    10100319        59.4482 17.5646 1.98461 
GRID    10100320        59.6595 18.5958 2.0698  
GRID    10100321        59.8708 19.6271 2.15499 
GRID    10100322        66.1817 16.0924 1.55454 
GRID    10100323        60.09   15.5418 2.00883 
GRID    10100324        61.1449 15.6371 2.10866 
GRID    10100325        62.2074 15.7332 2.12743 
GRID    10100326        63.2674 15.829  2.05103 
GRID    10100327        64.3248 15.9246 1.90129 
GRID    10100328        64.8483 11.7159 1.34975 
GRID    10100329        64.9806 12.7939 1.44013 
GRID    10100330        65.1127 13.8699 1.53035 
GRID    10100331        65.2448 14.9459 1.62058 
GRID    10100332        58.0508 10.7433 1.42108 
GRID    10100333        58.2538 11.7343 1.50295 
GRID    10100334        58.4468 12.6762 1.58077 
GRID    10100335        58.6398 13.6181 1.65859 
GRID    10100336        58.8327 14.5601 1.7364  
GRID    10100337        65.7049 11.8385 1.1886  
GRID    10100338        59.0374 10.8842 1.61497 
GRID    10100339        60.0095 11.0233 1.72706 
GRID    10100340        60.985  11.1629 1.77673 
GRID    10100341        61.9572 11.3021 1.75525 
GRID    10100342        62.9262 11.4408 1.66201 
GRID    10100343        63.8983 11.58   1.51876 
GRID    10100344        64.3659 7.78625 1.02024 
GRID    10100345        64.4868 8.77174 1.10287 
GRID    10100346        64.6074 9.75378 1.18522 
GRID    10100347        64.728  10.7358 1.26756 
GRID    10100348        57.1711 6.44859 1.06626 
GRID    10100349        57.3603 7.37247 1.14258 
GRID    10100350        57.5354 8.22744 1.21322 
GRID    10100351        57.7106 9.08241 1.28386 
GRID    10100352        57.8857 9.93737 1.3545  
GRID    10100353        65.2696 7.95428 0.854461
GRID    10100354        58.2201 6.64364 1.27549 
GRID    10100355        59.2495 6.83502 1.39736 
GRID    10100356        60.2834 7.02724 1.4536  
GRID    10100357        61.3128 7.21863 1.43488 
GRID    10100358        62.3378 7.4092  1.34059 
GRID    10100359        63.367  7.60055 1.19341 
GRID    10100360        63.5295 0.9737120.449004
GRID    10100361        63.6491 1.94742 0.530652
GRID    10100362        63.7686 2.92114 0.612299
GRID    10100363        63.8881 3.89485 0.693945
GRID    10100364        64.0077 4.86856 0.77559 
GRID    10100365        64.1272 5.84227 0.857238
GRID    10100366        64.2467 6.81598 0.938885
GRID    10100367        56.0407 0.93109 0.610369
GRID    10100368        56.2315 1.86217 0.687305
GRID    10100369        56.4222 2.79325 0.764237
GRID    10100370        56.613  3.72432 0.841166
GRID    10100371        56.8037 4.65538 0.918093
GRID    10100372        56.9944 5.58644 0.99502 
GRID    10100373        64.8472 4.53804 0.568519
GRID    10100374        64.7152 3.4607  0.478097
GRID    10100375        64.6564 2.52145 0.387966
GRID    10100376        64.5784 1.61152 0.304883
GRID    10100377        64.6092 0.7930290.210145
GRID    10100378        65.026  5.6657  0.654996
GRID    10100379        65.1422 6.86038 0.761321
GRID    10100380        63.3049 5.54812 0.986636
GRID    10100381        63.1974 4.49162 0.893978
GRID    10100382        63.1031 3.43959 0.799274
GRID    10100383        62.764  2.55911 0.768483
GRID    10100384        62.596  1.69192 0.707114
GRID    10100385        62.692  0.7237430.58637 
GRID    10100386        61.7491 0.9869790.777155
GRID    10100387        60.7342 0.9771530.909042
GRID    10100388        59.6162 1.0805  0.986994
GRID    10100389        58.4898 0.9795660.956068
GRID    10100390        57.2795 0.9282660.840191
GRID    10100391        57.1901 1.95104 0.881089
GRID    10100392        57.2221 3.08638 0.94179 
GRID    10100393        57.4065 3.96892 1.01487 
GRID    10100394        57.6532 5.09546 1.11001 
GRID    10100395        57.9291 5.88154 1.19295 
GRID    10100396        58.9679 5.90176 1.31523 
GRID    10100397        59.8603 5.91394 1.36303 
GRID    10100398        60.8446 6.2654  1.37971 
GRID    10100399        62.0029 6.64337 1.30937 
GRID    10100400        63.1717 6.6077  1.12353 
GRID    10100401        56.0457 3.43755 0.665479
GRID    10100402        58.6383 8.37536 1.42594 
GRID    10100403        58.6166 9.18817 1.46539 
GRID    10100404        58.7232 10.1627 1.53087 
GRID    10100405        59.8606 10.1926 1.66181 
GRID    10100406        60.7286 10.2014 1.70069 
GRID    10100407        61.6114 10.17   1.67778 
GRID    10100408        62.588  10.3593 1.60007 
GRID    10100409        63.6292 10.487  1.45143 
GRID    10100410        63.6057 8.54948 1.25056 
GRID    10100411        62.6837 8.53146 1.40382 
GRID    10100412        61.6562 8.34499 1.50975 
GRID    10100413        60.6162 8.07049 1.53512 
GRID    10100414        59.5715 7.81222 1.48421 
GRID    10100415        58.4271 7.59932 1.35524 
GRID    10100416        65.6047 10.51   1.06458 
GRID    10100417        65.329  9.23212 0.981245
GRID    10100418        59.4663 13.8939 1.83339 
GRID    10100419        59.8616 14.7201 1.93382 
GRID    10100420        60.812  14.8455 2.03541 
GRID    10100421        61.9615 14.731  2.05159 
GRID    10100422        63.0155 14.542  1.95614 
GRID    10100423        64.0689 14.7358 1.82101 
GRID    10100424        64.1644 12.5395 1.57196 
GRID    10100425        63.287  12.6931 1.73617 
GRID    10100426        62.3012 12.4011 1.82743 
GRID    10100427        61.4503 12.3948 1.8717  
GRID    10100428        60.4301 12.0156 1.8207  
GRID    10100429        59.3164 11.9463 1.71038 
GRID    10100430        66.0798 14.8147 1.43635 
GRID    10100431        65.9196 13.5722 1.33366 
GRID    10100432        65.9102 12.6646 1.2372  
GRID    10100433        64.5113 18.7169 2.16149 
GRID    10100434        64.4304 17.7628 2.07568 
GRID    10100435        64.6311 16.7118 1.92966 
GRID    10100436        63.6864 17.014  2.11368 
GRID    10100437        62.762  17.0694 2.21515 
GRID    10100438        61.6473 16.9697 2.22431 
GRID    10100439        60.4643 16.7254 2.12142 
GRID    10100440        60.9472 18.713  2.29145 
GRID    10100441        60.8943 19.7196 2.34297 
GRID    10100442        62.113  19.4254 2.41764 
GRID    10100443        63.2831 19.4301 2.38956 
GRID    10100444        64.5099 19.732  2.2669  
GRID    10100445        66.4871 20.0389 1.92167 
GRID    10100446        66.5777 19.3073 1.82395 
GRID    10100447        66.4386 18.4558 1.75945 
GRID    10100448        66.3423 17.6201 1.68809 
GRID    10100449        66.3528 16.8454 1.60201 
GRID    10100450        61.8411 22.6599 2.61999 
GRID    10100451        61.8449 23.6203 2.67834 
GRID    10100452        61.8082 24.5667 2.72821 
GRID    10100453        62.2407 25.3195 2.82123 
GRID    10100454        63.4183 25.2009 2.87363 
GRID    10100455        65.0055 24.9867 2.72735 
GRID    10100456        65.1998 23.9184 2.5875  
GRID    10100457        65.054  22.642  2.4791  
GRID    10100458        65.0638 21.5708 2.36544 
GRID    10100459        63.9167 21.8329 2.55479 
GRID    10100460        62.807  21.9045 2.61599 
GRID    10100461        61.6026 21.6543 2.53545 
GRID    10100462        67.1288 24.5802 2.28555 
GRID    10100463        66.9699 23.4364 2.19332 
GRID    10100464        66.8855 22.3599 2.09342 
GRID    10100465        66.9    21.4984 1.99716 
GRID    10100466        62.687  28.421  3.05279 
GRID    10100467        62.7    29.7666 3.12979 
GRID    10100468        63.1499 31.2463 3.26922 
GRID    10100469        64.1116 31.2996 3.34476 
GRID    10100470        65.197  31.2366 3.31147 
GRID    10100471        66.3574 31.0342 3.13374 
GRID    10100472        66.3634 30.1165 3.03597 
GRID    10100473        66.1059 29.3146 2.99699 
GRID    10100474        66.1355 28.4733 2.90317 
GRID    10100475        65.942  27.4285 2.82739 
GRID    10100476        65.6744 26.7008 2.79753 
GRID    10100477        64.3277 26.8158 2.97795 
GRID    10100478        62.7996 27.1495 2.98611 
GRID    10100479        67.8475 30.9269 2.83001 
GRID    10100480        67.7518 30.0221 2.75105 
GRID    10100481        67.6675 29.1158 2.66962 
GRID    10100482        67.5312 28.1551 2.59271 
GRID    10100483        67.4525 27.303  2.51605 
GRID    10100484        67.3464 26.5765 2.45851 
GRID    10100485        63.6296 33.46   3.45234 
GRID    10100486        63.7293 34.6499 3.5321  
GRID    10100487        63.9791 35.8911 3.6327  
GRID    10100488        64.2857 36.8997 3.7265  
GRID    10100489        64.7331 37.8251 3.82629 
GRID    10100490        65.9747 37.6226 3.82954 
GRID    10100491        67.1782 37.2304 3.64134 
GRID    10100492        67.0152 36.1848 3.55992 
GRID    10100493        66.886  35.3081 3.49034 
GRID    10100494        66.8537 34.1035 3.36943 
GRID    10100495        66.4599 32.9085 3.31208 
GRID    10100496        65.4366 32.7982 3.43455 
GRID    10100497        64.463  33.0075 3.48003 
GRID    10100498        68.0758 32.7791 2.9852  
GRID    10100499        68.2764 35.0795 3.19462 
GRID    10100500        68.4413 35.9761 3.25877 
GRID    10100501        66.0216 44.9201 4.38496 
GRID    10100502        66.936  44.4644 4.37224 
GRID    10100503        67.8965 44.1183 4.23739 
GRID    10100504        67.7679 43.2087 4.16426 
GRID    10100505        67.6264 42.1249 4.07526 
GRID    10100506        67.3237 41.2263 4.02953 
GRID    10100507        67.2235 40.2021 3.94069 
GRID    10100508        67.1061 39.1968 3.85619 
GRID    10100509        65.9933 39.6482 4.00056 
GRID    10100510        65.0736 40.0865 3.99834 
GRID    10100511        65.3537 41.4428 4.1081  
GRID    10100512        65.6347 42.6767 4.20996 
GRID    10100513        65.798  43.7919 4.29457 
GRID    10100514        69.0355 40.5918 3.64051 
GRID    10100515        68.8034 39.5419 3.57307 
GRID    10100516        67.5001 53.0319 5.02412 
GRID    10100517        68.171  52.3291 4.98901 
GRID    10100518        68.9136 51.6499 4.85032 
GRID    10100519        68.7118 50.5694 4.77081 
GRID    10100520        68.5493 49.4454 4.68097 
GRID    10100521        68.4209 48.3967 4.59372 
GRID    10100522        68.3038 47.2782 4.49757 
GRID    10100523        68.1508 46.175  4.40841 
GRID    10100524        67.307  46.5963 4.53788 
GRID    10100525        66.3893 46.976  4.54638 
GRID    10100526        66.5526 47.9945 4.62477 
GRID    10100527        66.8304 48.9605 4.70886 
GRID    10100528        67.0131 50.0408 4.79293 
GRID    10100529        67.2188 51.0465 4.87377 
GRID    10100530        69.1104 61.8816 5.7212  
GRID    10100531        69.2839 60.9498 5.6652  
GRID    10100532        69.7407 58.8382 5.45463 
GRID    10100533        69.5802 57.7128 5.36443 
GRID    10100534        69.3916 56.7284 5.29161 
GRID    10100535        69.2537 55.7053 5.20865 
GRID    10100536        69.1716 54.8209 5.13215 
GRID    10100537        69.2587 53.6954 5.00615 
GRID    10100538        68.4912 54.2344 5.13763 
GRID    10100539        68.0338 55.1324 5.20006 
GRID    10100540        68.3417 56.039  5.27826 
GRID    10100541        68.508  57.0324 5.35576 
GRID    10100542        68.6652 58.0119 5.43189 
GRID    10100543        68.8312 59.0219 5.51053 
GRID    10100544        69.1208 59.965  5.58834 
GRID    10100545        70.4429 61.9449 5.66662 
GRID    10100546        70.2216 62.9124 5.79265 
GRID    10100547        70.4319 65.9781 6.0547  
GRID    10100548        70.635  67.1081 6.1421  
GRID    10100549        70.8162 68.2392 6.23068 
GRID    10100550        70.983  69.478  6.32921 
GRID    10100551        70.3083 64.8821 5.96611 
GRID    10100552        69.9155 63.8717 5.89459 
GRID    10100553        71.7797 74.2734 6.70338 
GRID    10100554        71.996  75.5284 6.80083 
GRID    10100555        72.3636 77.7075 6.97032 
GRID    10100556        71.6288 73.0189 6.60214 
GRID    10100557        59.4231 9.53897 1.5836  
GRID    10100558        60.2572 13.7349 1.92065 
GRID    10100559        67.8826 50.1958 4.8198  
GRID    10100560        67.6648 48.9926 4.72667 
GRID    10100561        67.4887 47.7548 4.62878 
GRID    10100562        62.411  5.8471  1.17182 
GRID    10100563        62.3672 4.96397 1.08818 
GRID    10100564        62.4161 3.95987 0.976563
GRID    10100565        61.952  3.00154 0.951703
GRID    10100566        61.5614 2.01371 0.908879
GRID    10100567        60.4575 1.9877  1.02669 
GRID    10100568        59.2577 1.97966 1.05702 
GRID    10100569        58.1189 1.79725 0.983311
GRID    10100570        57.935  2.64532 1.01677 
GRID    10100571        61.322  4.88525 1.21832 
GRID    10100572        61.581  3.97154 1.10046 
GRID    10100573        60.9684 2.89947 1.06669 
GRID    10100574        58.9447 2.83777 1.10835 
GRID    10100575        58.663  5.08383 1.23738 
GRID    10100576        59.5259 4.89095 1.27839 
GRID    10100577        60.4453 5.08296 1.29552 
GRID    10100578        61.4177 5.77822 1.29287 
GRID    10100579        60.3727 9.19568 1.6183  
GRID    10100580        61.1826 9.15546 1.61141 
GRID    10100581        62.2647 9.40597 1.54703 
GRID    10100582        63.4207 9.56984 1.39156 
GRID    10100583        59.6729 8.65634 1.54725 
GRID    10100584        61.1446 14.0028 1.99256 
GRID    10100585        62.8328 13.4834 1.87509 
GRID    10100586        63.9654 13.7125 1.73164 
GRID    10100587        60.7411 12.9192 1.89933 
GRID    10100588        59.5746 12.8174 1.79208 
GRID    10100589        63.358  18.2919 2.27724 
GRID    10100590        62.2085 18.232  2.32915 
GRID    10100591        60.8389 17.7111 2.22027 
GRID    10100592        64.1021 23.0989 2.65549 
GRID    10100593        63.0507 23.0645 2.70673 
GRID    10100594        64.0151 24.2448 2.76944 
GRID    10100595        65.2    29.8168 3.17798 
GRID    10100596        65.1349 28.9858 3.10556 
GRID    10100597        65.3663 28.1447 2.99343 
GRID    10100598        63.581  27.7293 3.068   
GRID    10100599        63.5386 30.1306 3.23528 
GRID    10100600        64.2794 29.5254 3.21032 
GRID    10100601        64.3188 28.4633 3.12151 
GRID    10100602        63.4904 28.9188 3.1498  
GRID    10100603        68.0437 51.3715 4.91303 
GRID    10100604        59.0209 4.00622 1.19314 
GRID    10100605        59.8349 3.87815 1.20784 
GRID    10100606        60.6735 3.89113 1.18184 
GRID    10100607        58.1825 4.40978 1.14741 
GRID    10100608        64.5598 35.2765 3.64537 
GRID    10100609        66.0336 35.9716 3.67455 
GRID    10100610        66.1069 34.8864 3.56271 
GRID    10100611        66.0475 33.8076 3.46447 
GRID    10100612        66.1281 40.7045 4.08383 
GRID    10100613        66.3543 41.7304 4.16288 
GRID    10100614        66.7404 43.4741 4.29616 
GRID    10100615        66.8198 42.6065 4.21679 
GRID    10100616        65.3603 35.1265 3.64413 
GRID    10100617        65.0259 36.1592 3.727   
GRID    10100618        65.2795 36.9836 3.79351 
GRID    10100619        64.4715 34.193  3.5656  
GRID    10100620        67.2559 52.0477 4.94107 
GRID    10100621        65.2334 33.904  3.54579 
GRID    10100622        62.8987 24.228  2.79194 
GRID    10100623        64.7185 27.5024 3.00848 
GRID    10100624        66.3021 36.8301 3.72787 
GRID    10100625        58.2586 3.51614 1.10257 
GRID    10100626        64.494  30.504  3.2858  
GRID    10100627        69.9636 60.0544 5.54565 
GRID    10100628        61.9212 13.6015 1.95851 
GRID    10100629        59.9565 2.89773 1.12819 
GRID    10100630        65.546  30.5286 3.20604 
GRID    10200003        64.355  0.      -0.02159
GRID    10200004        63.41   0.      -0.12805
GRID    10200005        62.33   0.      -0.27443
GRID    10200006        61.25   0.      -0.41481
GRID    10200007        60.17   0.      -0.52135
GRID    10200008        59.09   0.      -0.56546
GRID    10200009        58.01   0.      -0.54918
GRID    10200010        56.93   0.      -0.48478
GRID    10200011        55.85   0.      -0.36088
GRID    10200091        71.87   78.2    6.76305 
GRID    10200092        73.01   78.2    6.82215 
GRID    10200170        71.913  69.2638 6.02795 
GRID    10200171        72.0768 68.7064 6.00628 
GRID    10200172        70.809  73.0209 6.28963 
GRID    10200173        71.1188 71.9668 6.1651  
GRID    10200174        71.4774 70.7465 6.07948 
GRID    10200175        72.0362 70.2669 6.11711 
GRID    10200176        72.1581 71.2601 6.20538 
GRID    10200177        72.28   72.253  6.29362 
GRID    10200178        72.4018 73.2456 6.38184 
GRID    10200179        72.523  74.2327 6.46957 
GRID    10200180        72.6447 75.2244 6.5577  
GRID    10200181        72.7664 76.2155 6.64579 
GRID    10200182        72.888  77.2057 6.73379 
GRID    10200183        70.8006 60.2023 5.22261 
GRID    10200184        70.9253 61.218  5.31288 
GRID    10200185        71.0489 62.2252 5.40239 
GRID    10200186        71.1726 63.2324 5.49191 
GRID    10200187        71.2962 64.2395 5.58142 
GRID    10200188        71.4198 65.2465 5.67092 
GRID    10200189        71.5434 66.2534 5.76041 
GRID    10200190        71.667  67.2602 5.84989 
GRID    10200191        71.7906 68.2669 5.93936 
GRID    10200192        71.053  74.2117 6.39841 
GRID    10200193        71.2572 75.2088 6.48951 
GRID    10200194        71.4623 76.2097 6.581   
GRID    10200195        71.6657 77.2029 6.67183 
GRID    10200196        68.8384 63.416  5.41361 
GRID    10200197        69.1034 64.695  5.52988 
GRID    10200198        69.3216 65.7599 5.627   
GRID    10200199        69.5397 66.8249 5.72413 
GRID    10200200        69.7579 67.8898 5.82129 
GRID    10200201        69.9766 68.9574 5.91869 
GRID    10200202        70.1944 70.0205 6.01571 
GRID    10200203        70.4124 71.0847 6.11285 
GRID    10200204        70.6305 72.1497 6.21007 
GRID    10200205        69.2792 62.6942 5.30358 
GRID    10200206        69.762  61.9035 5.23098 
GRID    10200207        70.2448 61.1127 5.2139  
GRID    10200208        69.7942 52.0047 4.49403 
GRID    10200209        69.9209 53.0364 4.58572 
GRID    10200210        70.0467 54.0614 4.67682 
GRID    10200211        70.1725 55.0864 4.76791 
GRID    10200212        70.2984 56.1113 4.85901 
GRID    10200213        70.4242 57.1362 4.9501  
GRID    10200214        70.55   58.1611 5.04119 
GRID    10200215        70.6758 59.1859 5.13228 
GRID    10200216        67.0605 54.5694 4.60304 
GRID    10200217        67.2727 55.7584 4.71532 
GRID    10200218        67.4737 56.7398 4.80474 
GRID    10200219        67.6757 57.7259 4.8946  
GRID    10200220        67.8776 58.7114 4.98441 
GRID    10200221        68.0793 59.6961 5.07416 
GRID    10200222        68.2809 60.6799 5.16383 
GRID    10200223        68.4822 61.6627 5.25342 
GRID    10200224        68.6833 62.6444 5.34291 
GRID    10200225        67.6816 53.9869 4.49198 
GRID    10200226        68.366  53.3449 4.43161 
GRID    10200227        69.0503 52.7028 4.44462 
GRID    10200228        68.8788 44.548  3.83129 
GRID    10200229        69.0103 45.6188 3.92646 
GRID    10200230        69.1411 46.6843 4.02116 
GRID    10200231        69.2719 47.7497 4.11585 
GRID    10200232        69.4027 48.8152 4.21055 
GRID    10200233        69.5335 49.8806 4.30524 
GRID    10200234        69.6642 50.946  4.39993 
GRID    10200235        65.3804 46.5217 3.87393 
GRID    10200236        65.6172 47.6776 3.9792  
GRID    10200237        65.825  48.6919 4.07158 
GRID    10200238        66.0327 49.7059 4.16394 
GRID    10200239        66.2404 50.7197 4.25628 
GRID    10200240        66.448  51.7331 4.3486  
GRID    10200241        66.6556 52.7462 4.44089 
GRID    10200242        66.863  53.7589 4.53315 
GRID    10200243        66.2221 46.0468 3.75205 
GRID    10200244        67.0842 45.5605 3.70403 
GRID    10200245        67.9635 45.0645 3.74568 
GRID    10200246        68.0446 37.7522 3.2273  
GRID    10200247        68.1643 38.7275 3.31398 
GRID    10200248        68.2834 39.6985 3.40027 
GRID    10200249        68.4023 40.6695 3.48653 
GRID    10200250        68.5219 41.6405 3.57287 
GRID    10200251        68.6411 42.6114 3.65917 
GRID    10200252        68.7603 43.5824 3.74547 
GRID    10200253        63.8673 39.1394 3.20178 
GRID    10200254        64.1086 40.3127 3.3085  
GRID    10200255        64.3253 41.3715 3.40492 
GRID    10200256        64.5422 42.4301 3.50132 
GRID    10200257        64.7591 43.4886 3.59771 
GRID    10200258        64.9759 44.547  3.69409 
GRID    10200259        65.1926 45.6051 3.79045 
GRID    10200260        64.8889 38.8002 3.07683 
GRID    10200261        65.924  38.4565 3.0405  
GRID    10200262        66.9716 38.1087 3.10892 
GRID    10200263        67.2836 31.5534 2.67636 
GRID    10200264        67.4109 32.5903 2.76852 
GRID    10200265        67.5377 33.6236 2.86035 
GRID    10200266        67.6646 34.6568 2.95218 
GRID    10200267        67.7914 35.6901 3.04402 
GRID    10200268        67.9182 36.7233 3.13585 
GRID    10200269        62.4857 32.3915 2.58732 
GRID    10200270        62.7031 33.4528 2.68394 
GRID    10200271        62.9012 34.4198 2.77198 
GRID    10200272        63.0993 35.3868 2.86001 
GRID    10200273        63.2974 36.3537 2.94804 
GRID    10200274        63.4954 37.3205 3.03607 
GRID    10200275        63.6935 38.2872 3.12409 
GRID    10200276        67.9018 31.4455 2.73857 
GRID    10200277        63.6711 32.1846 2.46047 
GRID    10200278        64.8649 31.9761 2.43518 
GRID    10200279        66.0667 31.7661 2.52824 
GRID    10200280        66.5892 25.8968 2.17361 
GRID    10200281        66.7053 26.8427 2.25768 
GRID    10200282        66.821  27.7856 2.34148 
GRID    10200283        66.9368 28.7284 2.42528 
GRID    10200284        67.0525 29.6713 2.50908 
GRID    10200285        67.1683 30.6142 2.59288 
GRID    10200286        61.2225 26.2253 2.026   
GRID    10200287        61.4497 27.3345 2.12697 
GRID    10200288        61.6608 28.3649 2.22076 
GRID    10200289        61.8719 29.3952 2.31455 
GRID    10200290        62.0829 30.4254 2.40833 
GRID    10200291        62.294  31.4556 2.50212 
GRID    10200292        67.2755 25.8547 2.24823 
GRID    10200293        62.5539 26.1441 1.89793 
GRID    10200294        63.8933 26.062  1.88255 
GRID    10200295        65.2359 25.9796 1.99781 
GRID    10200296        65.9553 20.7334 1.7147  
GRID    10200297        66.0824 21.7688 1.80671 
GRID    10200298        66.2092 22.8015 1.89851 
GRID    10200299        66.3359 23.8343 1.99029 
GRID    10200300        66.4627 24.867  2.08208 
GRID    10200301        60.0683 20.5916 1.51319 
GRID    10200302        60.2748 21.5994 1.60492 
GRID    10200303        60.4676 22.5404 1.69057 
GRID    10200304        60.6603 23.4814 1.77623 
GRID    10200305        60.8531 24.4223 1.86188 
GRID    10200306        61.0459 25.3633 1.94753 
GRID    10200307        66.7037 20.7515 1.80062 
GRID    10200308        61.2499 20.6203 1.39885 
GRID    10200309        62.4284 20.6486 1.36495 
GRID    10200310        63.606  20.6769 1.41765 
GRID    10200311        64.7827 20.7052 1.55374 
GRID    10200312        65.3766 16.0196 1.29574 
GRID    10200313        65.4926 16.9647 1.37974 
GRID    10200314        65.6084 17.9075 1.46354 
GRID    10200315        65.7241 18.8503 1.54733 
GRID    10200316        65.8399 19.7932 1.63113 
GRID    10200317        59.014  15.4448 1.04474 
GRID    10200318        59.237  16.5333 1.14381 
GRID    10200319        59.4482 17.5646 1.23767 
GRID    10200320        59.6595 18.5958 1.33154 
GRID    10200321        59.8708 19.6271 1.4254  
GRID    10200322        66.1817 16.0924 1.39197 
GRID    10200323        60.09   15.5418 0.940783
GRID    10200324        61.1449 15.6371 0.901095
GRID    10200325        62.2074 15.7332 0.917868
GRID    10200326        63.2674 15.829  1.00753 
GRID    10200327        64.3248 15.9246 1.14617 
GRID    10200328        64.8483 11.7159 0.913238
GRID    10200329        64.9806 12.7939 1.00904 
GRID    10200330        65.1127 13.8699 1.10468 
GRID    10200331        65.2448 14.9459 1.20031 
GRID    10200332        58.0508 10.7433 0.616834
GRID    10200333        58.2538 11.7343 0.707028
GRID    10200334        58.4468 12.6762 0.792758
GRID    10200335        58.6398 13.6181 0.878485
GRID    10200336        58.8327 14.5601 0.964212
GRID    10200337        65.7049 11.8385 1.01884 
GRID    10200338        59.0374 10.8842 0.521683
GRID    10200339        60.0095 11.0233 0.479218
GRID    10200340        60.985  11.1629 0.478663
GRID    10200341        61.9572 11.3021 0.531214
GRID    10200342        62.9262 11.4408 0.637976
GRID    10200343        63.8983 11.58   0.774636
GRID    10200344        64.3659 7.78625 0.563973
GRID    10200345        64.4868 8.77174 0.651562
GRID    10200346        64.6074 9.75378 0.738845
GRID    10200347        64.728  10.7358 0.826128
GRID    10200348        57.1711 6.44859 0.225973
GRID    10200349        57.3603 7.37247 0.310058
GRID    10200350        57.5354 8.22744 0.387868
GRID    10200351        57.7106 9.08241 0.465678
GRID    10200352        57.8857 9.93737 0.54349 
GRID    10200353        65.2696 7.95428 0.678134
GRID    10200354        58.2201 6.64364 0.129238
GRID    10200355        59.2495 6.83502 0.088489
GRID    10200356        60.2834 7.02724 0.091835
GRID    10200357        61.3128 7.21863 0.151016
GRID    10200358        62.3378 7.4092  0.267246
GRID    10200359        63.367  7.60055 0.41517 
GRID    10200360        63.5295 0.973712-0.04151
GRID    10200361        63.6491 1.94742 0.045026
GRID    10200362        63.7686 2.92114 0.131567
GRID    10200363        63.8881 3.89485 0.21811 
GRID    10200364        64.0077 4.86856 0.304653
GRID    10200365        64.1272 5.84227 0.391194
GRID    10200366        64.2467 6.81598 0.477735
GRID    10200367        56.0407 0.93109 -0.27615
GRID    10200368        56.2315 1.86217 -0.19142
GRID    10200369        56.4222 2.79325 -0.10668
GRID    10200370        56.613  3.72432 -0.02195
GRID    10200371        56.8037 4.65538 0.062778
GRID    10200372        56.9944 5.58644 0.147512
GRID    10200373        64.8472 4.53804 0.374982
GRID    10200374        64.7152 3.4607  0.279475
GRID    10200375        64.6564 2.52145 0.20122 
GRID    10200376        64.5784 1.61152 0.123471
GRID    10200377        64.6092 0.7930290.061472
GRID    10200378        65.026  5.6657  0.47851 
GRID    10200379        65.1422 6.86038 0.581763
GRID    10200380        63.3049 5.54812 0.258828
GRID    10200381        63.1974 4.49162 0.168003
GRID    10200382        63.1031 3.43959 0.079317
GRID    10200383        62.764  2.55911 -0.03062
GRID    10200384        62.596  1.69192 -0.11612
GRID    10200385        62.692  0.723743-0.17266
GRID    10200386        61.7491 0.986979-0.28034
GRID    10200387        60.7342 0.977153-0.39584
GRID    10200388        59.6162 1.0805  -0.45768
GRID    10200389        58.4898 0.979566-0.46711
GRID    10200390        57.2795 0.928266-0.4124 
GRID    10200391        57.1901 1.95104 -0.29424
GRID    10200392        57.2221 3.08638 -0.1716 
GRID    10200393        57.4065 3.96892 -0.09134
GRID    10200394        57.6532 5.09546 0.010016
GRID    10200395        57.9291 5.88154 0.071125
GRID    10200396        58.9679 5.90176 0.005811
GRID    10200397        59.8603 5.91394 -0.01314
GRID    10200398        60.8446 6.2654  0.042186
GRID    10200399        62.0029 6.64337 0.171116
GRID    10200400        63.1717 6.6077  0.316919
GRID    10200401        56.0457 3.43755 0.046312
GRID    10200402        58.6383 8.37536 0.282746
GRID    10200403        58.6166 9.18817 0.372669
GRID    10200404        58.7232 10.1627 0.470112
GRID    10200405        59.8606 10.1926 0.401658
GRID    10200406        60.7286 10.2014 0.388007
GRID    10200407        61.6114 10.17   0.414426
GRID    10200408        62.588  10.3593 0.517636
GRID    10200409        63.6292 10.487  0.659096
GRID    10200410        63.6057 8.54948 0.516225
GRID    10200411        62.6837 8.53146 0.392537
GRID    10200412        61.6562 8.34499 0.268912
GRID    10200413        60.6162 8.07049 0.191773
GRID    10200414        59.5715 7.81222 0.174835
GRID    10200415        58.4271 7.59932 0.215824
GRID    10200416        65.6047 10.51   0.906462
GRID    10200417        65.329  9.23212 0.782629
GRID    10200418        59.4663 13.8939 0.813198
GRID    10200419        59.8616 14.7201 0.86997 
GRID    10200420        60.812  14.8455 0.832186
GRID    10200421        61.9615 14.731  0.821081
GRID    10200422        63.0155 14.542  0.882347
GRID    10200423        64.0689 14.7358 1.02562 
GRID    10200424        64.1644 12.5395 0.880213
GRID    10200425        63.287  12.6931 0.77474 
GRID    10200426        62.3012 12.4011 0.647049
GRID    10200427        61.4503 12.3948 0.598764
GRID    10200428        60.4301 12.0156 0.564424
GRID    10200429        59.3164 11.9463 0.614045
GRID    10200430        66.0798 14.8147 1.28345 
GRID    10200431        65.9196 13.5722 1.17267 
GRID    10200432        65.9102 12.6646 1.1006  
GRID    10200433        64.5113 18.7169 1.37332 
GRID    10200434        64.4304 17.7628 1.29334 
GRID    10200435        64.6311 16.7118 1.24472 
GRID    10200436        63.6864 17.014  1.14418 
GRID    10200437        62.762  17.0694 1.06079 
GRID    10200438        61.6473 16.9697 1.02152 
GRID    10200439        60.4643 16.7254 1.04031 
GRID    10200440        60.9472 18.713  1.21825 
GRID    10200441        60.8943 19.7196 1.3276  
GRID    10200442        62.113  19.4254 1.25086 
GRID    10200443        63.2831 19.4301 1.29126 
GRID    10200444        64.5099 19.732  1.44698 
GRID    10200445        66.4871 20.0389 1.72523 
GRID    10200446        66.5777 19.3073 1.67706 
GRID    10200447        66.4386 18.4558 1.59856 
GRID    10200448        66.3423 17.6201 1.52502 
GRID    10200449        66.3528 16.8454 1.4653  
GRID    10200450        61.8411 22.6599 1.57678 
GRID    10200451        61.8449 23.6203 1.67575 
GRID    10200452        61.8082 24.5667 1.77779 
GRID    10200453        62.2407 25.3195 1.82927 
GRID    10200454        63.4183 25.2009 1.79245 
GRID    10200455        65.0055 24.9867 1.8959  
GRID    10200456        65.1998 23.9184 1.84245 
GRID    10200457        65.054  22.642  1.73041 
GRID    10200458        65.0638 21.5708 1.6542  
GRID    10200459        63.9167 21.8329 1.53689 
GRID    10200460        62.807  21.9045 1.48338 
GRID    10200461        61.6026 21.6543 1.48586 
GRID    10200462        67.1288 24.5802 2.13609 
GRID    10200463        66.9699 23.4364 2.03297 
GRID    10200464        66.8855 22.3599 1.94183 
GRID    10200465        66.9    21.4984 1.87548 
GRID    10200466        62.687  28.421  2.12555 
GRID    10200467        62.7    29.7666 2.26737 
GRID    10200468        63.1499 31.2463 2.39247 
GRID    10200469        64.1116 31.2996 2.36174 
GRID    10200470        65.197  31.2366 2.39467 
GRID    10200471        66.3574 31.0342 2.51315 
GRID    10200472        66.3634 30.1165 2.44773 
GRID    10200473        66.1059 29.3146 2.35483 
GRID    10200474        66.1355 28.4733 2.29813 
GRID    10200475        65.942  27.4285 2.19639 
GRID    10200476        65.6744 26.7008 2.1076  
GRID    10200477        64.3277 26.8158 1.97009 
GRID    10200478        62.7996 27.1495 1.98893 
GRID    10200479        67.8475 30.9269 2.69343 
GRID    10200480        67.7518 30.0221 2.61458 
GRID    10200481        67.6675 29.1158 2.5366  
GRID    10200482        67.5312 28.1551 2.44981 
GRID    10200483        67.4525 27.303  2.37656 
GRID    10200484        67.3464 26.5765 2.31063 
GRID    10200485        63.6296 33.46   2.59408 
GRID    10200486        63.7293 34.6499 2.71286 
GRID    10200487        63.9791 35.8911 2.82705 
GRID    10200488        64.2857 36.8997 2.91312 
GRID    10200489        64.7331 37.8251 2.98496 
GRID    10200490        65.9747 37.6226 2.97246 
GRID    10200491        67.1782 37.2304 3.072   
GRID    10200492        67.0152 36.1848 2.97438 
GRID    10200493        66.886  35.3081 2.89355 
GRID    10200494        66.8537 34.1035 2.80216 
GRID    10200495        66.4599 32.9085 2.66262 
GRID    10200496        65.4366 32.7982 2.53952 
GRID    10200497        64.463  33.0075 2.52106 
GRID    10200498        68.0758 32.7791 2.85773 
GRID    10200499        68.2764 35.0795 3.05429 
GRID    10200500        68.4413 35.9761 3.13878 
GRID    10200501        66.0216 44.9201 3.64678 
GRID    10200502        66.936  44.4644 3.60307 
GRID    10200503        67.8965 44.1183 3.66768 
GRID    10200504        67.7679 43.2087 3.58456 
GRID    10200505        67.6264 42.1249 3.48701 
GRID    10200506        67.3237 41.2263 3.38291 
GRID    10200507        67.2235 40.2021 3.29476 
GRID    10200508        67.1061 39.1968 3.20594 
GRID    10200509        65.9933 39.6482 3.1471  
GRID    10200510        65.0736 40.0865 3.19905 
GRID    10200511        65.3537 41.4428 3.324   
GRID    10200512        65.6347 42.6767 3.43666 
GRID    10200513        65.798  43.7919 3.54235 
GRID    10200514        69.0355 40.5918 3.55    
GRID    10200515        68.8034 39.5419 3.44818 
GRID    10200516        67.5001 53.0319 4.40322 
GRID    10200517        68.171  52.3291 4.33542 
GRID    10200518        68.9136 51.6499 4.34992 
GRID    10200519        68.7118 50.5694 4.24506 
GRID    10200520        68.5493 49.4454 4.1419  
GRID    10200521        68.4209 48.3967 4.0485  
GRID    10200522        68.3038 47.2782 3.95143 
GRID    10200523        68.1508 46.175  3.85099 
GRID    10200524        67.307  46.5963 3.80333 
GRID    10200525        66.3893 46.976  3.83879 
GRID    10200526        66.5526 47.9945 3.93474 
GRID    10200527        66.8304 48.9605 4.02076 
GRID    10200528        67.0131 50.0408 4.12202 
GRID    10200529        67.2188 51.0465 4.21503 
GRID    10200530        69.1104 61.8816 5.2286  
GRID    10200531        69.2839 60.9498 5.13439 
GRID    10200532        69.7407 58.8382 4.98444 
GRID    10200533        69.5802 57.7128 4.88137 
GRID    10200534        69.3916 56.7284 4.78589 
GRID    10200535        69.2537 55.7053 4.69305 
GRID    10200536        69.1716 54.8209 4.61696 
GRID    10200537        69.2587 53.6954 4.54397 
GRID    10200538        68.4912 54.2344 4.51378 
GRID    10200539        68.0338 55.1324 4.59402 
GRID    10200540        68.3417 56.039  4.67583 
GRID    10200541        68.508  57.0324 4.7688  
GRID    10200542        68.6652 58.0119 4.86057 
GRID    10200543        68.8312 59.0219 4.95516 
GRID    10200544        69.1208 59.965  5.04229 
GRID    10200545        70.4429 61.9449 5.30018 
GRID    10200546        70.2216 62.9124 5.34727 
GRID    10200547        70.4319 65.9781 5.61183 
GRID    10200548        70.635  67.1081 5.71839 
GRID    10200549        70.8162 68.2392 5.82387 
GRID    10200550        70.983  69.478  5.93774 
GRID    10200551        70.3083 64.8821 5.51256 
GRID    10200552        69.9155 63.8717 5.40894 
GRID    10200553        71.7797 74.2734 6.38641 
GRID    10200554        71.996  75.5284 6.50432 
GRID    10200555        72.3636 77.7075 6.70871 
GRID    10200556        71.6288 73.0189 6.27252 
GRID    10200557        59.4231 9.53897 0.35458 
GRID    10200558        60.2572 13.7349 0.742426
GRID    10200559        67.8826 50.1958 4.13896 
GRID    10200560        67.6648 48.9926 4.02553 
GRID    10200561        67.4887 47.7548 3.91118 
GRID    10200562        62.411  5.8471  0.160615
GRID    10200563        62.3672 4.96397 0.090270
GRID    10200564        62.4161 3.95987 0.023463
GRID    10200565        61.952  3.00154 -0.10660
GRID    10200566        61.5614 2.01371 -0.22757
GRID    10200567        60.4575 1.9877  -0.33817
GRID    10200568        59.2577 1.97966 -0.38119
GRID    10200569        58.1189 1.79725 -0.37251
GRID    10200570        57.935  2.64532 -0.27539
GRID    10200571        61.322  4.88525 -0.03448
GRID    10200572        61.581  3.97154 -0.07814
GRID    10200573        60.9684 2.89947 -0.22320
GRID    10200574        58.9447 2.83777 -0.29629
GRID    10200575        58.663  5.08383 -0.06344
GRID    10200576        59.5259 4.89095 -0.10774
GRID    10200577        60.4453 5.08296 -0.07778
GRID    10200578        61.4177 5.77822 0.044494
GRID    10200579        60.3727 9.19568 0.294   
GRID    10200580        61.1826 9.15546 0.305625
GRID    10200581        62.2647 9.40597 0.409795
GRID    10200582        63.4207 9.56984 0.564569
GRID    10200583        59.6729 8.65634 0.255212
GRID    10200584        61.1446 14.0028 0.74397 
GRID    10200585        62.8328 13.4834 0.782016
GRID    10200586        63.9654 13.7125 0.937655
GRID    10200587        60.7411 12.9192 0.645561
GRID    10200588        59.5746 12.8174 0.687877
GRID    10200589        63.358  18.2919 1.20702 
GRID    10200590        62.2085 18.232  1.14016 
GRID    10200591        60.8389 17.7111 1.12056 
GRID    10200592        64.1021 23.0989 1.65348 
GRID    10200593        63.0507 23.0645 1.59251 
GRID    10200594        64.0151 24.2448 1.73742 
GRID    10200595        65.2    29.8168 2.28303 
GRID    10200596        65.1349 28.9858 2.21221 
GRID    10200597        65.3663 28.1447 2.17422 
GRID    10200598        63.581  27.7293 2.0273  
GRID    10200599        63.5386 30.1306 2.25983 
GRID    10200600        64.2794 29.5254 2.19979 
GRID    10200601        64.3188 28.4633 2.10829 
GRID    10200602        63.4904 28.9188 2.14231 
GRID    10200603        68.0437 51.3715 4.24728 
GRID    10200604        59.0209 4.00622 -0.18419
GRID    10200605        59.8349 3.87815 -0.20163
GRID    10200606        60.6735 3.89113 -0.16677
GRID    10200607        58.1825 4.40978 -0.10620
GRID    10200608        64.5598 35.2765 2.73764 
GRID    10200609        66.0336 35.9716 2.8434  
GRID    10200610        66.1069 34.8864 2.76657 
GRID    10200611        66.0475 33.8076 2.67813 
GRID    10200612        66.1281 40.7045 3.24465 
GRID    10200613        66.3543 41.7304 3.34225 
GRID    10200614        66.7404 43.4741 3.50902 
GRID    10200615        66.8198 42.6065 3.4403  
GRID    10200616        65.3603 35.1265 2.72862 
GRID    10200617        65.0259 36.1592 2.81574 
GRID    10200618        65.2795 36.9836 2.893   
GRID    10200619        64.4715 34.193  2.63424 
GRID    10200620        67.2559 52.0477 4.31432 
GRID    10200621        65.2334 33.904  2.6177  
GRID    10200622        62.8987 24.228  1.70034 
GRID    10200623        64.7185 27.5024 2.05646 
GRID    10200624        66.3021 36.8301 2.93616 
GRID    10200625        58.2586 3.51614 -0.20357
GRID    10200626        64.494  30.504  2.29282 
GRID    10200627        69.9636 60.0544 5.10143 
GRID    10200628        61.9212 13.6015 0.721467
GRID    10200629        59.9565 2.89773 -0.28661
GRID    10200630        65.546  30.5286 2.37401 
GRID    10300401        63.41   0.      0.11965 
GRID    10301101        55.85   0.      0.086273
GRID    10309101        71.87   78.2    6.87344 
GRID    10309201        73.01   78.2    6.8733  
GRID    10317001        71.913  69.2638 6.10155 
GRID    10317101        72.0768 68.7064 6.04367 
GRID    10317201        70.809  73.0209 6.42437 
GRID    10317301        71.1188 71.9668 6.34505 
GRID    10317401        71.4774 70.7465 6.2417  
GRID    10317501        72.0362 70.2669 6.18819 
GRID    10317601        72.1581 71.2601 6.27396 
GRID    10317701        72.28   72.253  6.35971 
GRID    10317801        72.4018 73.2456 6.44543 
GRID    10317901        72.523  74.2327 6.53068 
GRID    10318001        72.6447 75.2244 6.61632 
GRID    10318101        72.7664 76.2155 6.70191 
GRID    10318201        72.888  77.2057 6.78743 
GRID    10318301        70.8006 60.2023 5.31898 
GRID    10318401        70.9253 61.218  5.4067  
GRID    10318501        71.0489 62.2252 5.49368 
GRID    10318601        71.1726 63.2324 5.58067 
GRID    10318701        71.2962 64.2395 5.66764 
GRID    10318801        71.4198 65.2465 5.75461 
GRID    10318901        71.5434 66.2534 5.84157 
GRID    10319001        71.667  67.2602 5.92852 
GRID    10319101        71.7906 68.2669 6.01547 
GRID    10319201        71.053  74.2117 6.52765 
GRID    10319301        71.2572 75.2088 6.61411 
GRID    10319401        71.4623 76.2097 6.70089 
GRID    10319501        71.6657 77.2029 6.78701 
GRID    10319601        68.8384 63.416  5.59097 
GRID    10319701        69.1034 64.695  5.70206 
GRID    10319801        69.3216 65.7599 5.79447 
GRID    10319901        69.5397 66.8249 5.88687 
GRID    10320001        69.7579 67.8898 5.97927 
GRID    10320101        69.9766 68.9574 6.07189 
GRID    10320201        70.1944 70.0205 6.16411 
GRID    10320301        70.4124 71.0847 6.25643 
GRID    10320401        70.6305 72.1497 6.34881 
GRID    10320501        69.2792 62.6942 5.5452  
GRID    10320601        69.762  61.9035 5.4837  
GRID    10320701        70.2448 61.1127 5.41301 
GRID    10320801        69.7942 52.0047 4.61101 
GRID    10320901        69.9209 53.0364 4.70011 
GRID    10321001        70.0467 54.0614 4.78863 
GRID    10321101        70.1725 55.0864 4.87715 
GRID    10321201        70.2984 56.1113 4.96566 
GRID    10321301        70.4242 57.1362 5.05418 
GRID    10321401        70.55   58.1611 5.14269 
GRID    10321501        70.6758 59.1859 5.2312  
GRID    10321601        67.0605 54.5694 4.82468 
GRID    10321701        67.2727 55.7584 4.92655 
GRID    10321801        67.4737 56.7398 5.01172 
GRID    10321901        67.6757 57.7259 5.0973  
GRID    10322001        67.8776 58.7114 5.18283 
GRID    10322101        68.0793 59.6961 5.26828 
GRID    10322201        68.2809 60.6799 5.35366 
GRID    10322301        68.4822 61.6627 5.43895 
GRID    10322401        68.6833 62.6444 5.52413 
GRID    10322501        67.6816 53.9869 4.79597 
GRID    10322601        68.366  53.3449 4.74945 
GRID    10322701        69.0503 52.7028 4.69072 
GRID    10322801        68.8788 44.548  3.96702 
GRID    10322901        69.0103 45.6188 4.05949 
GRID    10323001        69.1411 46.6843 4.15151 
GRID    10323101        69.2719 47.7497 4.24353 
GRID    10323201        69.4027 48.8152 4.33554 
GRID    10323301        69.5335 49.8806 4.42756 
GRID    10323401        69.6642 50.946  4.51957 
GRID    10323501        65.3804 46.5217 4.12485 
GRID    10323601        65.6172 47.6776 4.22518 
GRID    10323701        65.825  48.6919 4.31322 
GRID    10323801        66.0327 49.7059 4.40123 
GRID    10323901        66.2404 50.7197 4.48923 
GRID    10324001        66.448  51.7331 4.57719 
GRID    10324101        66.6556 52.7462 4.66512 
GRID    10324201        66.863  53.7589 4.75301 
GRID    10324301        66.2221 46.0468 4.11269 
GRID    10324401        67.0842 45.5605 4.08159 
GRID    10324501        67.9635 45.0645 4.03472 
GRID    10324601        68.0446 37.7522 3.3801  
GRID    10324701        68.1643 38.7275 3.46433 
GRID    10324801        68.2834 39.6985 3.54819 
GRID    10324901        68.4023 40.6695 3.63206 
GRID    10325001        68.5219 41.6405 3.71591 
GRID    10325101        68.6411 42.6114 3.79976 
GRID    10325201        68.7603 43.5824 3.88362 
GRID    10325301        63.8673 39.1394 3.48401 
GRID    10325401        64.1086 40.3127 3.5859  
GRID    10325501        64.3253 41.3715 3.6778  
GRID    10325601        64.5422 42.4301 3.7697  
GRID    10325701        64.7591 43.4886 3.86158 
GRID    10325801        64.9759 44.547  3.95344 
GRID    10325901        65.1926 45.6051 4.04529 
GRID    10326001        64.8889 38.8002 3.48907 
GRID    10326101        65.924  38.4565 3.47214 
GRID    10326201        66.9716 38.1087 3.43735 
GRID    10326301        67.2836 31.5534 2.84475 
GRID    10326401        67.4109 32.5903 2.9343  
GRID    10326501        67.5377 33.6236 3.02353 
GRID    10326601        67.6646 34.6568 3.11277 
GRID    10326701        67.7914 35.6901 3.202   
GRID    10326801        67.9182 36.7233 3.29124 
GRID    10326901        62.4857 32.3915 2.89828 
GRID    10327001        62.7031 33.4528 2.99042 
GRID    10327101        62.9012 34.4198 3.07436 
GRID    10327201        63.0993 35.3868 3.1583  
GRID    10327301        63.2974 36.3537 3.24223 
GRID    10327401        63.4954 37.3205 3.32615 
GRID    10327501        63.6935 38.2872 3.41007 
GRID    10327601        67.9018 31.4455 2.80699 
GRID    10327701        63.6711 32.1846 2.91973 
GRID    10327801        64.8649 31.9761 2.91617 
GRID    10327901        66.0667 31.7661 2.89267 
GRID    10328001        66.5892 25.8968 2.35621 
GRID    10328101        66.7053 26.8427 2.4379  
GRID    10328201        66.821  27.7856 2.51934 
GRID    10328301        66.9368 28.7284 2.60077 
GRID    10328401        67.0525 29.6713 2.6822  
GRID    10328501        67.1683 30.6142 2.76363 
GRID    10328601        61.2225 26.2253 2.363   
GRID    10328701        61.4497 27.3345 2.45929 
GRID    10328801        61.6608 28.3649 2.54873 
GRID    10328901        61.8719 29.3952 2.63817 
GRID    10329001        62.0829 30.4254 2.72761 
GRID    10329101        62.294  31.4556 2.81704 
GRID    10329201        67.2755 25.8547 2.32131 
GRID    10329301        62.5539 26.1441 2.39976 
GRID    10329401        63.8933 26.062  2.40877 
GRID    10329501        65.2359 25.9796 2.3958  
GRID    10329601        65.9553 20.7334 1.91028 
GRID    10329701        66.0824 21.7688 1.9997  
GRID    10329801        66.2092 22.8015 2.08889 
GRID    10329901        66.3359 23.8343 2.17809 
GRID    10330001        66.4627 24.867  2.26728 
GRID    10330101        60.0683 20.5916 1.87392 
GRID    10330201        60.2748 21.5994 1.96141 
GRID    10330301        60.4676 22.5404 2.0431  
GRID    10330401        60.6603 23.4814 2.12479 
GRID    10330501        60.8531 24.4223 2.20648 
GRID    10330601        61.0459 25.3633 2.28816 
GRID    10330701        66.7037 20.7515 1.87799 
GRID    10330801        61.2499 20.6203 1.9178  
GRID    10330901        62.4284 20.6486 1.94039 
GRID    10331001        63.606  20.6769 1.94712 
GRID    10331101        64.7827 20.7052 1.93835 
GRID    10331201        65.3766 16.0196 1.50318 
GRID    10331301        65.4926 16.9647 1.5848  
GRID    10331401        65.6084 17.9075 1.66622 
GRID    10331501        65.7241 18.8503 1.74765 
GRID    10331601        65.8399 19.7932 1.82908 
GRID    10331701        59.014  15.4448 1.42712 
GRID    10331801        59.237  16.5333 1.52161 
GRID    10331901        59.4482 17.5646 1.61114 
GRID    10332001        59.6595 18.5958 1.70067 
GRID    10332101        59.8708 19.6271 1.7902  
GRID    10332201        66.1817 16.0924 1.47325 
GRID    10332301        60.09   15.5418 1.47481 
GRID    10332401        61.1449 15.6371 1.50488 
GRID    10332501        62.2074 15.7332 1.52265 
GRID    10332601        63.2674 15.829  1.52928 
GRID    10332701        64.3248 15.9246 1.52373 
GRID    10332801        64.8483 11.7159 1.13149 
GRID    10332901        64.9806 12.7939 1.22459 
GRID    10333001        65.1127 13.8699 1.31751 
GRID    10333101        65.2448 14.9459 1.41044 
GRID    10333201        58.0508 10.7433 1.01896 
GRID    10333301        58.2538 11.7343 1.10499 
GRID    10333401        58.4468 12.6762 1.18676 
GRID    10333501        58.6398 13.6181 1.26854 
GRID    10333601        58.8327 14.5601 1.35031 
GRID    10333701        65.7049 11.8385 1.10372 
GRID    10333801        59.0374 10.8842 1.06833 
GRID    10333901        60.0095 11.0233 1.10314 
GRID    10334001        60.985  11.1629 1.1277  
GRID    10334101        61.9572 11.3021 1.14323 
GRID    10334201        62.9262 11.4408 1.14999 
GRID    10334301        63.8983 11.58   1.1467  
GRID    10334401        64.3659 7.78625 0.792106
GRID    10334501        64.4868 8.77174 0.877218
GRID    10334601        64.6074 9.75378 0.962031
GRID    10334701        64.728  10.7358 1.04685 
GRID    10334801        57.1711 6.44859 0.646114
GRID    10334901        57.3603 7.37247 0.72632 
GRID    10335001        57.5354 8.22744 0.800545
GRID    10335101        57.7106 9.08241 0.87477 
GRID    10335201        57.8857 9.93737 0.948993
GRID    10335301        65.2696 7.95428 0.766298
GRID    10335401        58.2201 6.64364 0.702366
GRID    10335501        59.2495 6.83502 0.742927
GRID    10335601        60.2834 7.02724 0.772717
GRID    10335701        61.3128 7.21863 0.79295 
GRID    10335801        62.3378 7.4092  0.803918
GRID    10335901        63.367  7.60055 0.804292
GRID    10336001        63.5295 0.9737120.203745
GRID    10336101        63.6491 1.94742 0.287839
GRID    10336201        63.7686 2.92114 0.371933
GRID    10336301        63.8881 3.89485 0.456027
GRID    10336401        64.0077 4.86856 0.540121
GRID    10336501        64.1272 5.84227 0.624216
GRID    10336601        64.2467 6.81598 0.70831 
GRID    10336701        56.0407 0.93109 0.167108
GRID    10336801        56.2315 1.86217 0.247941
GRID    10336901        56.4222 2.79325 0.328774
GRID    10337001        56.613  3.72432 0.409605
GRID    10337101        56.8037 4.65538 0.490436
GRID    10337201        56.9944 5.58644 0.571266
GRID    11000001        65.3    0.      0.000003
GRID    11000002        54.8    0.      0.      
GRID    11000012        71.49   78.2    6.85032 
GRID    11000013        55.0225 1.04267 0.091294
GRID    11000014        55.2451 2.08533 0.182718
GRID    11000015        55.4676 3.128   0.274013
GRID    11000016        55.6901 4.17067 0.365308
GRID    11000017        55.9127 5.21333 0.456728
GRID    11000018        56.1352 6.256   0.548026
GRID    11000019        56.3207 7.12518 0.624214
GRID    11000020        56.5062 7.99436 0.700277
GRID    11000021        56.6917 8.86353 0.776468
GRID    11000022        56.8772 9.73271 0.852533
GRID    11000023        57.0627 10.6019 0.92869 
GRID    11000024        57.2659 11.5536 1.01215 
GRID    11000025        57.469  12.5053 1.09547 
GRID    11000026        57.6721 13.4569 1.17875 
GRID    11000027        57.8752 14.4086 1.26219 
GRID    11000028        58.0783 15.3603 1.34551 
GRID    11000029        58.3007 16.4023 1.43685 
GRID    11000030        58.5231 17.4443 1.52806 
GRID    11000031        58.7455 18.4864 1.6194  
GRID    11000032        58.9679 19.5284 1.71059 
GRID    11000033        59.1903 20.5704 1.80221 
GRID    11000034        59.3932 21.5212 1.88529 
GRID    11000035        59.5961 22.472  1.96852 
GRID    11000036        59.7991 23.4228 2.05186 
GRID    11000037        60.002  24.3736 2.13507 
GRID    11000038        60.2049 25.3244 2.21843 
GRID    11000039        60.4078 26.2752 2.30171 
GRID    11000040        60.63   27.3163 2.39292 
GRID    11000041        60.8522 28.3573 2.48409 
GRID    11000042        61.0744 29.3984 2.57526 
GRID    11000043        61.2966 30.4395 2.66642 
GRID    11000044        61.5188 31.4805 2.75771 
GRID    11000045        61.741  32.5216 2.849   
GRID    11000046        61.9495 33.4986 2.93448 
GRID    11000047        62.1581 34.4757 3.02006 
GRID    11000048        62.3666 35.4528 3.10566 
GRID    11000049        62.5751 36.4298 3.19124 
GRID    11000050        62.7836 37.4069 3.27684 
GRID    11000051        62.9922 38.3839 3.36244 
GRID    11000052        63.2007 39.361  3.44797 
GRID    11000053        63.429  40.4308 3.54175 
GRID    11000054        63.6574 41.5006 3.63539 
GRID    11000055        63.8857 42.5704 3.72912 
GRID    11000056        64.114  43.6403 3.82286 
GRID    11000057        64.3423 44.7101 3.91662 
GRID    11000058        64.5707 45.7799 4.01022 
GRID    11000059        64.799  46.8497 4.10408 
GRID    11000060        65.0178 47.8746 4.19387 
GRID    11000061        65.2365 48.8996 4.28363 
GRID    11000062        65.4553 49.9245 4.37339 
GRID    11000063        65.674  50.9495 4.46315 
GRID    11000064        65.8928 51.9744 4.55293 
GRID    11000065        66.1115 52.9994 4.64269 
GRID    11000066        66.3303 54.0243 4.73245 
GRID    11000067        66.549  55.0493 4.82228 
GRID    11000068        66.7619 56.0468 4.90976 
GRID    11000069        66.9748 57.0444 4.99705 
GRID    11000070        67.1877 58.042  5.08448 
GRID    11000071        67.4006 59.0395 5.17178 
GRID    11000072        67.6135 60.0371 5.25922 
GRID    11000073        67.8264 61.0346 5.34665 
GRID    11000074        68.0393 62.0322 5.43393 
GRID    11000075        68.2523 63.0298 5.52149 
GRID    11000076        68.4652 64.0273 5.6088  
GRID    11000077        68.675  65.0104 5.69484 
GRID    11000078        68.8848 65.9934 5.78104 
GRID    11000079        69.0946 66.9764 5.86709 
GRID    11000080        69.3044 67.9594 5.95316 
GRID    11000081        69.5142 68.9425 6.03933 
GRID    11000082        69.724  69.9255 6.12541 
GRID    11000083        69.9338 70.9085 6.21158 
GRID    11000084        70.1436 71.8915 6.29765 
GRID    11000085        70.3534 72.8746 6.38383 
GRID    11000086        70.5632 73.8576 6.46987 
GRID    11000087        70.7949 74.9432 6.56502 
GRID    11000088        71.0266 76.0288 6.66001 
GRID    11000089        71.2583 77.1144 6.75528 
GRID    11000090        73.39   78.2    6.85032 
GRID    11000093        73.2832 77.1673 6.75985 
GRID    11000094        73.1763 76.1346 6.66939 
GRID    11000095        73.0695 75.1019 6.57893 
GRID    11000096        72.9626 74.0692 6.48846 
GRID    11000097        72.8558 73.0365 6.39799 
GRID    11000098        72.749  72.0038 6.30753 
GRID    11000099        72.6421 70.9711 6.21707 
GRID    11000100        72.5353 69.9383 6.1266  
GRID    11000101        72.4285 68.9056 6.03614 
GRID    11000102        72.3217 67.873  5.94567 
GRID    11000103        72.2093 66.7867 5.85052 
GRID    11000104        72.0969 65.7006 5.75537 
GRID    11000105        71.9845 64.6144 5.66022 
GRID    11000106        71.8722 63.5282 5.56507 
GRID    11000107        71.7598 62.442  5.46992 
GRID    11000108        71.6474 61.3558 5.37477 
GRID    11000109        71.535  60.2696 5.27962 
GRID    11000110        71.4227 59.1834 5.18447 
GRID    11000111        71.32   58.1914 5.09756 
GRID    11000112        71.2174 57.1994 5.01066 
GRID    11000113        71.1148 56.2073 4.92376 
GRID    11000114        71.0122 55.2153 4.83686 
GRID    11000115        70.9095 54.2233 4.74996 
GRID    11000116        70.8069 53.2313 4.66306 
GRID    11000117        70.7043 52.2392 4.57616 
GRID    11000118        70.6017 51.2472 4.48926 
GRID    11000119        70.4945 50.2118 4.39855 
GRID    11000120        70.3874 49.1763 4.30785 
GRID    11000121        70.2803 48.1409 4.21714 
GRID    11000122        70.1732 47.1054 4.12644 
GRID    11000123        70.0661 46.07   4.03573 
GRID    11000124        69.959  45.0345 3.94502 
GRID    11000125        69.8518 43.9991 3.85432 
GRID    11000126        69.754  43.0534 3.77148 
GRID    11000127        69.6562 42.1078 3.68864 
GRID    11000128        69.5583 41.1621 3.6058  
GRID    11000129        69.4605 40.2164 3.52296 
GRID    11000130        69.3627 39.2707 3.44012 
GRID    11000131        69.2648 38.3251 3.35728 
GRID    11000132        69.167  37.3794 3.27444 
GRID    11000133        69.0628 36.3718 3.18617 
GRID    11000134        68.9585 35.3642 3.0979  
GRID    11000135        68.8543 34.3565 3.00963 
GRID    11000136        68.75   33.3489 2.92137 
GRID    11000137        68.6458 32.3413 2.8331  
GRID    11000138        68.5416 31.3337 2.74483 
GRID    11000139        68.4463 30.4134 2.66422 
GRID    11000140        68.3512 29.4932 2.58361 
GRID    11000141        68.2559 28.5729 2.50299 
GRID    11000142        68.1607 27.6527 2.42238 
GRID    11000143        68.0655 26.7325 2.34177 
GRID    11000144        67.9703 25.8122 2.26116 
GRID    11000145        67.866  24.8036 2.1728  
GRID    11000146        67.7617 23.7951 2.08445 
GRID    11000147        67.6573 22.7865 1.9961  
GRID    11000148        67.553  21.778  1.90775 
GRID    11000149        67.4486 20.7694 1.81941 
GRID    11000150        67.3534 19.8483 1.73871 
GRID    11000151        67.2581 18.9272 1.65802 
GRID    11000152        67.1628 18.006  1.57733 
GRID    11000153        67.0675 17.0849 1.49664 
GRID    11000154        66.9722 16.1638 1.41595 
GRID    11000155        66.8634 15.1122 1.32384 
GRID    11000156        66.7546 14.0607 1.23172 
GRID    11000157        66.6458 13.0091 1.1396  
GRID    11000158        66.537  11.9576 1.0475  
GRID    11000159        66.4377 10.9972 0.963357
GRID    11000160        66.3383 10.0368 0.879226
GRID    11000161        66.239  9.07642 0.795097
GRID    11000162        66.1396 8.11603 0.710971
GRID    11000163        66.0347 7.10152 0.622094
GRID    11000164        65.9297 6.08702 0.533225
GRID    11000165        65.8248 5.07252 0.444354
GRID    11000166        65.7198 4.05801 0.355483
GRID    11000167        65.6149 3.04351 0.266614
GRID    11000168        65.5099 2.02901 0.177743
GRID    11000169        65.4049 1.0145  0.088873
