   1.0000000e+00   2.3847619e-07
   9.9464445e-01   5.9046914e-04
   9.8859432e-01   1.0377453e-03
   9.8176625e-01   1.2539908e-03
   9.7409174e-01   1.3280927e-03
   9.6548462e-01   1.2376050e-03
   9.5585469e-01   9.6195876e-04
   9.4510797e-01   4.7611648e-04
   9.3314793e-01  -2.4543676e-04
   9.1987699e-01  -1.2245278e-03
   9.0519950e-01  -2.4893380e-03
   8.8902358e-01  -4.0606844e-03
   8.7126586e-01  -5.9658899e-03
   8.5185344e-01  -8.2184849e-03
   8.3072875e-01  -1.0823889e-02
   8.0785460e-01  -1.3782008e-02
   7.8321868e-01  -1.7083339e-02
   7.5683567e-01  -2.0689618e-02
   7.2875312e-01  -2.4547120e-02
   6.9905678e-01  -2.8600086e-02
   6.6787118e-01  -3.2779987e-02
   6.3535263e-01  -3.6949380e-02
   6.0169797e-01  -4.0974073e-02
   5.6714203e-01  -4.4732154e-02
   5.3194356e-01  -4.8031637e-02
   4.9638778e-01  -5.0679668e-02
   4.6078183e-01  -5.2534112e-02
   4.2544550e-01  -5.3605872e-02
   3.9068774e-01  -5.3939284e-02
   3.5679470e-01  -5.3652252e-02
   3.2401849e-01  -5.2910131e-02
   2.9257451e-01  -5.1779646e-02
   2.6263934e-01  -5.0305071e-02
   2.3434739e-01  -4.8553941e-02
   2.0779278e-01  -4.6575548e-02
   1.8303093e-01  -4.4414193e-02
   1.6008198e-01  -4.2108145e-02
   1.3893416e-01  -3.9698527e-02
   1.1955099e-01  -3.7207600e-02
   1.0187432e-01  -3.4658401e-02
   8.5829909e-02  -3.2069664e-02
   7.1329150e-02  -2.9471074e-02
   5.8279559e-02  -2.6867472e-02
   4.6590642e-02  -2.4236151e-02
   3.6166926e-02  -2.1577952e-02
   2.6913082e-02  -1.8900681e-02
   1.8759149e-02  -1.6146666e-02
   1.1711619e-02  -1.3116907e-02
   5.9744695e-03  -9.4355273e-03
   1.8605667e-03  -5.0104542e-03
   0.0000000e+00   0.0000000e+00
   5.1952286e-04   5.3962798e-03
   3.3739152e-03   1.0812515e-02
   8.3135371e-03   1.5638227e-02
   1.4763006e-02   1.9980222e-02
   2.2429990e-02   2.4141446e-02
   3.1266311e-02   2.8296643e-02
   4.1326975e-02   3.2501254e-02
   5.2705340e-02   3.6747214e-02
   6.5498058e-02   4.1022698e-02
   7.9792695e-02   4.5341243e-02
   9.5681090e-02   4.9693279e-02
   1.1325600e-01   5.4035079e-02
   1.3259385e-01   5.8331304e-02
   1.5375426e-01   6.2541604e-02
   1.7677447e-01   6.6623844e-02
   2.0166772e-01   7.0513444e-02
   2.2841368e-01   7.4147400e-02
   2.5695564e-01   7.7455424e-02
   2.8719697e-01   8.0361173e-02
   3.1899952e-01   8.2772181e-02
   3.5218047e-01   8.4615796e-02
   3.8651666e-01   8.5808720e-02
   4.2174852e-01   8.6172645e-02
   4.5757843e-01   8.5566414e-02
   4.9368241e-01   8.3935948e-02
   5.2972405e-01   8.1260763e-02
   5.6537995e-01   7.7679916e-02
   6.0035237e-01   7.3392946e-02
   6.3437502e-01   6.8610006e-02
   6.6720858e-01   6.3477106e-02
   6.9865406e-01   5.8146330e-02
   7.2855776e-01   5.2782538e-02
   7.5679860e-01   4.7485255e-02
   7.8329447e-01   4.2333650e-02
   8.0800383e-01   3.7407468e-02
   8.3091898e-01   3.2770011e-02
   8.5205835e-01   2.8453771e-02
   8.7146501e-01   2.4478394e-02
   8.8920244e-01   2.0855595e-02
   9.0534891e-01   1.7586462e-02
   9.1999153e-01   1.4655081e-02
   9.3322624e-01   1.2049312e-02
   9.4515144e-01   9.7468070e-03
   9.5586767e-01   7.7286233e-03
   9.6547334e-01   5.9695764e-03
   9.7406356e-01   4.4414043e-03
   9.8172935e-01   3.1157734e-03
   9.8855717e-01   1.9668641e-03
   9.9462135e-01   9.3049210e-04
   1.0000000e+00   2.3847619e-07
